name: MLM
channels:
  - pytorch
  - anaconda
  - conda-forge
  - defaults
dependencies:
  - intel-openmp=2019.5=281
  - pyparsing=2.4.2=py_0
  - pytz=2019.2=py_0
  - ca-certificates=2019.9.11=hecc5488_0
  - certifi=2019.9.11=py36_0
  - cffi=1.12.3=py36hb32ad35_0
  - cycler=0.10.0=py_1
  - freetype=2.10.0=h563cfd7_1
  - icu=64.2=he025d50_1
  - jpeg=9c=hfa6e2cd_1001
  - kiwisolver=1.1.0=py36he980bc4_0
  - libblas=3.8.0=12_mkl
  - libcblas=3.8.0=12_mkl
  - liblapack=3.8.0=12_mkl
  - libpng=1.6.37=h7602738_0
  - libprotobuf=3.10.0=h1a1b453_0
  - markdown=3.1.1=py_0
  - matplotlib=3.1.1=py36_1
  - matplotlib-base=3.1.1=py36h2852a4a_1
  - mkl-service=2.3.0=py36hfa6e2cd_0
  - ninja=1.9.0=h1ad3211_0
  - numpy=1.17.2=py36hc71023c_0
  - openssl=1.1.1c=hfa6e2cd_0
  - pandas=0.25.1=py36he350917_0
  - patsy=0.5.1=py_0
  - pip=19.2.3=py36_0
  - protobuf=3.10.0=py36he025d50_0
  - pycparser=2.19=py36_1
  - pyqt=5.9.2=py36h6538335_4
  - python=3.6.7=he025d50_1005
  - python-dateutil=2.8.0=py_0
  - qt=5.9.7=h506e8af_3
  - seaborn=0.9.0=py_1
  - setuptools=41.2.0=py36_0
  - sip=4.19.8=py36h6538335_1000
  - six=1.12.0=py36_1000
  - sqlite=3.29.0=hfa6e2cd_1
  - statsmodels=0.10.1=py36hfa6e2cd_0
  - tensorboard=1.14.0=py36_0
  - tk=8.6.9=hfa6e2cd_1003
  - tornado=6.0.3=py36hfa6e2cd_0
  - werkzeug=0.16.0=py_0
  - wheel=0.33.6=py36_0
  - wincertstore=0.2=py36_1002
  - zlib=1.2.11=h2fa13f4_1006
  - blas=1.0=mkl
  - cudatoolkit=10.0.130=0
  - icc_rt=2019.0.0=h0cc432a_1
  - mkl=2019.4=245
  - scipy=1.3.1=py36h29ff71c_0
  - vc=14.1=h0510ff6_4
  - vs2010_runtime=10.00.40219.1=2
  - vs2015_runtime=14.16.27012=hf0eaf9b_0
  - pytorch=1.2.0=py3.6_cuda100_cudnn7_1
  - pip:
    - absl-py==0.8.1
    - chardet==3.0.4
    - future==0.17.1
    - gym==0.12.1
    - idna==2.8
    - joblib==0.14.0
    - opencv-contrib-python==3.4.2.16
    - opencv-python==4.1.2.30
    - pillow==6.2.1
    - pyglet==1.2.4
    - requests==2.21.0
    - scikit-learn==0.21.3
    - sklearn==0.0
    - torch==1.2.0
    - torchvision==0.4.1
    - urllib3==1.24.3
prefix: C:\Users\rizas\Anaconda3\envs\MLM

